# Large instance.
# Number of cities, 195 <= N <= 205
202
# Grid size, 100
100
# Rs, 3
3
# Rp, 14
14
# Coordinates for cities.
# Start of coordinates
78 59
96 95
83 3
3 13
34 28
2 57
54 95
43 67
49 62
0 87
78 52
43 30
87 0
59 48
73 83
15 96
16 95
93 61
5 99
37 81
92 81
77 92
94 23
78 36
77 46
42 25
95 70
62 67
13 28
89 72
56 23
# Middle of inputs
63 38
56 32
45 32
78 93
58 90
84 63
18 5
47 41
99 24
16 72
70 52
0 30
90 30
36 68
58 10
0 2
83 73
51 68
9 69
31 44
21 98
35 5
75 23
75 87
88 26
44 35
33 99
45 9
60 0
54 30
12 79
65 60
50 8
84 95
89 88
41 78
90 62
43 75
44 19
71 3
13 80
36 45
62 9
57 22
83 50
48 28
23 8
5 66
63 35
85 65
51 63
58 87
89 35
90 0
10 74
72 3
74 22
13 82
11 82
85 95
65 92
0 91
34 59
95 57
45 68
54 71
5 59
83 61
41 55
41 0
35 57
98 70
79 2
88 69
1 9
10 76
24 75
99 78
27 92
54 55
74 88
99 87
11 84
11 29
8 42
85 97
57 90
23 3
40 83
89 67
25 49
60 79
36 97
# lmao gottem
94 29
28 93
59 44
9 34
14 48
71 82
6 19
31 18
33 46
29 94
15 40
55 85
4 92
64 42
45 38
46 3
3 32
47 99
88 18
10 25
16 75
32 22
45 56
51 99
85 46
57 94
26 88
77 72
12 71
78 71
50 64
75 63
34 13
45 22
72 48
71 50
97 54
71 59
0 72
25 71
19 85
56 49
63 0
23 46
63 9
38 19
40 16
94 51
84 16
21 12
49 83
51 46
42 44
27 55
47 3
# 23 89
44 50
34 24
0 56
25 55
44 68
40 46
96 1
28 65
27 11
70 80
25 57
66 3
46 64
85 80
49 60
84 57
68 18
84 2


# End 
